-2605.192039 151.570000
-2570.202203 158.940000
-2948.603642 162.370000
-1967.893454 139.820000
-2530.484964 156.040000
-1916.890933 152.410000
-2232.767572 157.460000
-1675.183882 150.010000
-1970.872357 162.510000
-1682.029984 151.140000
-1757.109328 152.720000
-1254.654257 152.360000
-1864.737340 170.190000
-969.733689 144.690000
-1198.699310 154.800000
-1443.064494 166.360000
-1410.571892 155.370000
-1287.253981 153.950000
-1785.125014 162.190000
-1275.337957 152.680000
-1448.125077 159.440000
-1428.443763 150.880000
-1479.400994 154.090000
-1180.403535 145.090000
-1477.939294 148.480000
-1044.777521 130.420000
-1210.154522 140.990000
-979.088060 137.570000
-873.432837 134.600000
-884.765141 126.050000
-778.683791 124.820000
-850.752755 119.130000
-692.410359 119.680000
-737.113594 118.390000
-552.247675 113.470000
-467.370643 116.510000
-565.154803 109.150000
-529.568104 110.200000
-272.988717 100.250000
-417.040846 105.590000
-291.699233 101.320000
-115.431252 94.210000
-275.665359 95.660000
-67.434453 94.170000
-153.326175 100.710000
-121.868969 101.610000
-98.463683 103.630000
-166.778722 95.570000
-50.913431 100.240000
-48.278661 117.480000
-1.184290 114.260000
-4.715183 112.320000
-95.750425 114.340000
-42.800660 121.120000
-25.363127 138.020000
140.541212 160.070000
96.286613 153.030000
21.118071 148.220000
121.390292 161.320000
-44.401834 186.650000
192.635879 217.860000
258.788201 219.300000
376.109109 262.120000
528.973452 305.870000
539.047762 328.510000
434.520822 341.190000
356.123495 360.840000
410.298992 405.110000
582.350596 475.260000
837.768057 537.740000
1005.409693 583.820000
1011.462085 582.620000
1351.460644 677.410000
1392.666316 703.030000
1532.817927 759.680000
1411.969329 804.370000
1667.526620 879.860000
1676.601106 980.670000
1689.807259 1036.740000
1814.454036 1106.760000
1998.852636 1165.580000
2120.971105 1221.980000
2222.850043 1264.820000
2524.113970 1340.870000
2480.126209 1348.390000
2818.209809 1388.140000
2956.516504 1436.140000
3178.031031 1487.820000
3271.075921 1510.420000
3465.702997 1576.960000
3462.826014 1608.210000
3499.275296 1600.020000
3785.532457 1640.490000
3813.219343 1640.070000
4121.924319 1684.150000
4132.591375 1715.610000
4170.387212 1745.300000
4249.946111 1753.280000
4017.071775 1685.700000
4220.029281 1701.750000
4450.429431 1703.950000
4731.443875 1746.650000
4922.863848 1785.270000
5019.987107 1776.700000
5053.300085 1762.960000
5141.393956 1768.370000
5444.849808 1804.070000
5551.773323 1804.070000
5563.914461 1795.540000
5746.666860 1824.520000
5842.126122 1856.450000
5929.028549 1857.420000
5658.234850 1797.540000
5685.999342 1797.540000
5719.793373 1807.200000
5792.559346 1834.920000
5716.231840 1838.520000
5600.398864 1800.840000
5602.644008 1785.750000
5715.862595 1812.100000
5735.055178 1812.100000
5784.348061 1824.660000
5795.962307 1822.950000
5912.543852 1861.270000
6072.434189 1901.810000
5993.003657 1892.910000
5942.247945 1892.910000
5996.493788 1897.460000
6025.554563 1897.460000
6165.169994 1935.140000
6195.445777 1953.820000
6174.031642 1953.010000
6124.471450 1950.270000
6144.655668 1932.130000
6224.888664 1950.860000
6298.034209 1969.410000
6293.389547 1958.520000
6398.312050 1967.420000
6406.838454 1967.420000
6391.517919 1948.600000
6368.632126 1942.770000
6295.001740 1942.770000
6241.584690 1938.750000
6237.137860 1920.910000
6225.163457 1918.270000
6234.452213 1936.380000
6227.879485 1936.380000
6190.820580 1931.320000
6224.126623 1942.210000
6106.041592 1940.320000
6106.351051 1940.260000
6055.431222 1940.200000
5973.636992 1938.060000
5822.815353 1928.440000
5756.186769 1922.050000
5782.394689 1938.780000
5709.568775 1918.750000
5571.951177 1892.640000
5371.126912 1888.650000
5401.902172 1893.710000
5410.911428 1889.570000
5439.091628 1889.630000
5463.109218 1908.510000
5408.535516 1903.160000
5583.218236 1907.240000
5722.590657 1916.760000
5703.388947 1924.610000
5599.849794 1912.860000
5648.755336 1926.180000
5875.222101 1952.320000
5951.366638 1956.310000
5890.601706 1949.010000
5807.635942 1954.300000
5756.574765 1954.300000
5854.086666 1954.300000
5864.670618 1963.540000
5876.682608 1963.540000
5788.364644 1962.490000
5799.596257 1950.020000
5920.026998 1969.370000
5775.246620 1959.690000
5749.795906 1959.690000
5821.308254 1959.690000
5849.063923 1966.990000
5991.119426 1967.730000
5944.376606 1967.730000
5877.820298 1948.940000
5988.190792 1948.940000
6008.958665 1948.940000
6086.501385 1952.650000
6227.432041 1971.530000
6281.099950 1971.530000
6443.320366 1981.210000
6357.326356 1962.470000
6321.980291 1962.470000
6335.839292 1962.470000
6232.047336 1943.680000
6308.496320 1943.680000
6392.491948 1962.470000
6370.773301 1962.470000
6372.460969 1962.470000
6387.917062 1962.470000
6297.114707 1943.540000
6274.278469 1943.540000
6296.766246 1943.540000
6383.493206 1962.280000
6391.042108 1962.280000
6457.861995 1981.070000
6521.956247 1981.070000
6529.508000 1981.070000
6450.648344 1962.090000
6413.047028 1962.090000
6380.203414 1962.090000
6352.052150 1962.090000
6319.119440 1943.500000
6264.792203 1943.500000
6187.302805 1931.330000
6157.515034 1931.330000
6173.728281 1931.330000
6151.257452 1931.330000
6019.843064 1914.320000
6073.731827 1933.300000
6093.534025 1933.300000
6034.141058 1933.300000
6073.719695 1933.300000
6024.701958 1914.490000
6126.684777 1952.010000
6144.915706 1952.010000
6229.699307 1964.180000
6234.796719 1964.180000
6232.941637 1964.180000
6266.790883 1964.180000
6353.605525 1964.430000
6353.594032 1964.430000
6323.385280 1964.430000
6335.767984 1946.130000
6373.612259 1946.130000
6448.076035 1964.940000
6340.756652 1928.440000
6362.519127 1928.440000
6398.939442 1928.440000
6397.137896 1928.440000
6444.972306 1928.440000
6467.095608 1928.440000
6550.219020 1945.200000
6369.518080 1890.220000
6376.234698 1890.220000
6452.930811 1908.520000
6401.039411 1889.800000
6480.901292 1909.280000
6327.918830 1873.670000
6270.057250 1854.680000
6216.941518 1854.680000
6166.239074 1854.680000
6072.339871 1843.300000
6055.702812 1843.300000
6153.131484 1862.020000
6291.228319 1898.280000
6296.551073 1898.280000
6355.251174 1917.000000
6277.030101 1898.180000
6336.257172 1915.200000
6519.438933 1950.810000
6464.319414 1946.110000
6512.717159 1946.110000
6505.488380 1927.170000
6516.765645 1919.640000
6481.681891 1903.570000
6367.187290 1874.130000
6343.339541 1874.130000
6366.115147 1874.130000
6464.963114 1892.950000
6444.706680 1876.090000
6444.920663 1876.090000
6346.727786 1847.540000
6261.324548 1812.670000
6248.690326 1812.580000
6196.911370 1806.540000
6263.008407 1822.610000
6282.017575 1833.320000
6242.509566 1833.320000
6238.650246 1833.320000
6241.172890 1833.320000
6221.155447 1833.320000
6222.913990 1832.160000
6206.548117 1834.290000
6338.868327 1868.060000
6392.786366 1886.300000
6500.131025 1918.770000
6447.410345 1905.790000
6388.733079 1888.780000
6475.677788 1907.510000
6452.197763 1890.860000
6353.754506 1872.290000
6376.084691 1872.290000
6359.243833 1872.290000
6338.665265 1868.680000
6260.781042 1851.710000
6215.892843 1832.680000
6217.801355 1832.680000
6211.669307 1832.680000
6312.054140 1857.170000
6380.307995 1874.180000
6371.589881 1872.140000
6451.730095 1890.710000
6312.326623 1852.720000
6299.029932 1852.720000
6371.528853 1871.570000
6363.934134 1870.550000
6425.809369 1887.520000
6555.951434 1923.690000
6364.721285 1893.140000
6294.627986 1874.320000
6283.090403 1874.320000
6280.358809 1874.960000
6276.635376 1874.960000
6258.705347 1874.960000
6359.263800 1912.950000
6356.056354 1912.950000
6369.526964 1912.950000
6452.035799 1932.580000
6435.880207 1932.260000
6429.633634 1913.400000
6550.945720 1943.950000
6527.375115 1942.540000
6456.702160 1923.660000
6534.244632 1941.710000
6511.957613 1939.590000
6526.109710 1939.590000
6491.434398 1923.660000
6477.765272 1913.070000
6312.735019 1877.100000
6083.790417 1813.250000
6114.420664 1831.010000
6025.829342 1815.630000
6126.868198 1831.650000
6016.609134 1796.120000
5986.040159 1796.120000
5967.741208 1798.240000
5906.044313 1781.010000
5948.391088 1796.940000
5964.838397 1807.530000
6130.412708 1843.500000
6236.993250 1872.090000
6337.708569 1888.800000
6327.391678 1889.900000
6368.007837 1886.540000
6393.073553 1890.750000
6568.420734 1945.160000
6609.308679 1945.160000
6631.507581 1945.160000
6619.904366 1943.810000
6625.274524 1943.810000
6657.819752 1943.810000
6649.669002 1943.810000
6706.640320 1962.680000
6706.297922 1962.680000
6716.905747 1962.680000
6703.804625 1962.570000
6687.888749 1962.570000
6700.870344 1962.570000
6697.667405 1962.570000
6681.121706 1962.570000
6770.063972 1981.150000
6769.914778 1981.150000
6770.234943 1981.150000
6758.376158 1981.150000
6766.955120 1981.150000
6789.829525 1981.150000
6764.876800 1981.150000
6730.404017 1981.840000
6727.974479 1981.840000
6740.076928 1981.840000
6652.481221 1969.230000
6576.968222 1957.510000
6529.322931 1957.510000
